48
-126
2
118
2
1
0
48
13
6
9
42
-122
72
-122
-9
13
1
1
1
5
0
4
-126
2
96
48
-126
2
92
2
1
0
2
-127
-127
0
-71
75
83
23
91
33
63
56
-58
-27
-124
9
-37
-30
-103
-38
15
19
-64
65
108
-58
6
36
-60
-64
53
39
-49
-77
-118
19
120
-7
35
72
-38
69
-53
-69
93
66
115
25
-54
84
47
13
-15
36
8
73
78
-92
58
-101
81
61
-54
68
-93
12
-121
48
-36
91
-53
-106
-44
-43
54
-55
-38
10
60
22
-47
7
85
-71
-74
-127
87
63
-116
-32
-23
74
127
48
-83
72
-19
-60
11
10
20
40
23
2
-120
9
-15
108
-41
24
-19
-57
14
-108
-70
32
113
-78
114
-82
122
-59
84
101
-19
83
46
74
49
-114
125
-107
2
3
1
0
1
2
-127
-128   -----------------------------------173----------------------------------
120
99
-27
127
-42
88
-6
-81
-44
35
9
-80
50
42
-65
-43
-69
88
20
-31
45
96
88
91
-119
110
108
-37
10
11
88
26
32
-50
-106
-53
93
-18
93
89
-58
85
71
93
-87
101
27
17
-114
-20
-33
105
105
-20
48
-101
-5
-92
15
8
-101
123
-89
85
-51
104
-84
-102
-76
82
-88
11
-63
20
-49
-3
108
-8
49
108
-120
105
86
-88
-115
-17
-93
-35
30
26
8
-127
-101
35
-74
3
-34
10
23
-113
14
8
-72
105
-120
-36
-30
23
-9
-83
81
77
-58
76
101
-65
29
17
27
-50
83
-119
-67
-113
35
66
108
-67
-------------------------------------128---------------------------------------------
2
65
0
-9
-73
-75
10
49
-8
-24
115
-55
48
8
65
33
-3
56
-119
102
94
110
22
105
110
-16
-38
90
35
-91
105
75
-105
66
-50
-12
-128
-65
-11
60
2
19
-82
-116
18
-11
-24
-30
91
-30
-19
91
100
94
119
28
10
-28
-114
108
-62
-36
-118
100
52
-50
-45
2
65
0
-65
125
80
-17
-78
-113
-38
-78
-110
-93
53
-86
-67
97
110
84
75
-40
50
-57
118
120
-127
-68
-72
126
-4
100
-122
-59
30
-1
-20
38
4
77
8
-115
118
-72
13
6
58
29
-93
54
19
63
96
-47
76
84
115
-104
70